011000110000000000000000000011
000101000110000000000000000000
011000010000000000100000000000
001100001000010000000000000000
011000100000000000000000000100
000010000100000000000000000000
010010000100000000000000000000
011000110000000000000000000110
011001110000000000000000000000
011001010000000000000000000001
010101100110100000000000000000
001000010001000000000000000000
000010000110010000000000000000
010010000110000000000000000000
010111101101010000000000000000
011010001111100000000000000000
011110000000000000000000010010
100000000000000000000000001101
011000110000000000000000000001
000111000110000000000000000000
010000000000000000100000000000
001110010000000000000000000000
001100100011000000000000000000
001010100100000000000000000000
000010000110100000000000000000
010010000110000000000000000000
011000110000000000000000001011
000101000110000000000000000000
010000000000000000000000000000
010000010000011111110000000000
100010001000000000000000000000
001111001000010000000000000000
000010000111000000000000000000
010010000110000000000000000000
100100000000000000000000000000
001001001001000000000000000000
000010000111000000000000000000
010010000110000000000000000000