000000000000000001000000000000000001000000000000000000110000000000000000100000000000000000010100000000000000001100
000000000000000001100000000000000001100000000000000001001000000000000000110000000000000000011110000000000000010010
000000000000000001100000000000000001100000000000000001001000000000000000110000000000000000011110000000000000010010
000000000000000001100000000000000001100000000000000001001000000000000000110000000000000000011110000000000000010010
000000000000000001100000000000000001100000000000000001001000000000000000110000000000000000011110000000000000010010
000000000000000001100000000000000001100000000000000001001000000000000000110000000000000000011110000000000000010010
000000000000000001100000000000000001100000000000000001001000000000000000110000000000000000011110000000000000010010
000000000000000001100000000000000001100000000000000001001000000000000000110000000000000000011110000000000000010010
000000000000000001100000000000000001100000000000000001001000000000000000110000000000000000011110000000000000010010
000000000000000001100000000000000001100000000000000001001000000000000000110000000000000000011110000000000000010010
000000000000000001100000000000000001100000000000000001001000000000000000110000000000000000011110000000000000010010
000000110000000000000000011000000000000000001100000000000000000110000000000000000011000000000000000001100000000000
